version https://git-lfs.github.com/spec/v1
oid sha256:2bda17ff04eeea41b91b81c2683aa93fe5ed1cd58091fc5e3d3110fc312373f0
size 5808
